35
57
70
13
75
13
11
25
76
44
14
85
66
45
57
16
29
53
24
14
21
50
41
58
30
95
32
46
80
60
76
28
16
88
26
57
92
39
37
99
54
67
43
60
57
61
14
59
20
84
45
28
32
84
28
8
45
49
90
80
75
94
77
93
38
13
28
85
76
89
24
87
17
45
77
54
30
27
53
4
80
96
67
36
26
75
45
85
8
28
82
49
52
68
65
55
40
100
22
73
64
14
75
43
15
14
85
39
74
91
94
1
43
45
39
56
29
77
36
67
85
40
35
65
96
56
60
75
33
10
42
21
15
56
86
68
42
7
61
10
64
54
12
90
31
72
61
55
95
19
68
18
75
5
20
60
6
65
11
18
46
83
13
73
23
86
2
59
69
95
98
46
0
63
20
63
93
52
74
41
45
5
66
24
44
35
38
52
100
10
47
53
47
19
91
87
66
20
51
36
23
38
89
30
79
7
1
48
74
4
73
69
47
32
100
96
91
69
53
8
41
59
47
68
86
47
53
67
9
24
70
4
70
42
32
55
45
85
90
70
54
42
23
76
0
53
76
23
99
43
57
8
45
77
87
31
72
20
46
0
13
34
7
21
85
81
60
14
49
23
59
77
17
42
23
35
76
72
33
88
26
59
13
37
25
8
9
11
18
68
90
9
56
17
30
97
54
79
80
24
82
89
45
16
91
27
63
54
86
25
85
96
90
71
82
43
8
59
13
27
1
36
95
16
20
36
66
85
26
64
2
52
90
25
13
94
48
42
72
8
0
30
77
18
71
80
93
23
0
47
46
0
74
11
42
8
8
41
40
34
82
42
8
14
25
28
76
8
26
16
92
2
27
68
60
24
25
10
75
75
96
65
68
6
88
83
13
52
79
22
22
7
3
40
48
65
52
91
44
28
15
82
55
83
12
5
95
0
55
12
71
46
31
0
23
57
58
66
28
0
23
4
3
12
85
27
60
64
43
86
59
55
20
33
12
53
100
45
65
85
17
95
93
43
58
79
99
34
14
16
58
47
47
96
48
25
48
40
21
20
77
18
70
8
13
90
0
10
83
31
97
74
68
65
35
93
32
90
43
81
74
26
57
32
35
16
2
34
69
0
14
18
0
33
30
89
89
79
59
31
17
77
23
13
49
75
52
90
25
83
15
68
83
62
71
54
32
5
79
63
82
82
66
96
34
92
23
7
29
94
26
57
88
100
8
33
32
56
17
6
90
81
24
69
48
86
76
46
76
50
91
100
35
59
35
19
30
20
61
90
30
58
60
42
17
61
1
81
19
42
30
9
4
46
54
86
52
50
50
44
4
61
92
95
19
28
51
30
21
60
92
67
77
7
85
94
8
91
18
76
38
73
54
100
89
67
52
98
83
48
17
85
85
58
49
50
50
50
19
57
28
91
44
22
90
32
64
90
44
38
33
3
94
55
80
88
65
43
39
48
11
80
5
48
26
49
5
41
20
8
59
62
79
61
82
13
57
91
25
68
8
56
84
78
8
80
23
38
37
98
10
81
29
34
37
36
53
80
51
11
47
48
94
48
86
23
41
61
37
83
37
58
14
36
43
98
100
67
32
38
6
55
81
93
2
2
35
24
94
76
87
63
87
93
0
18
6
12
97
14
64
40
29
58
39
77
53
0
90
54
79
10
62
63
36
4
4
28
58
77
78
59
56
52
90
54
4
33
23
82
65
48
65
23
91
21
93
67
14
64
53
57
62
92
38
98
75
93
68
27
21
78
82
3
55
11
73
5
35
41
0
1
89
69
85
73
29
26
7
36
61
41
69
100
50
36
67
5
4
76
34
74
36
8
65
85
73
46
81
39
86
75
6
74
57
87
16
48
98
75
75
98
94
73
56
14
47
25
29
34
66
7
26
18
73
52
49
40
42
24
60
15
94
42
35
87
76
94
78
63
32
29
12
87
50
18
23
54
53
13
29
58
85
79
20
53
82
97
48
28
40
55
37
66
67
0
66
47
32
89
51
22
21
71
15
67
51
67
99
67
81
37
66
12
28
22
63
26
14
13
0
49
4
58
16
98
90
76
54
11
80
94
35
1
19
57
59
33
55
58
69
86
90
66
94
94
45
9
13
35
60
18
54
79
79
53
32
86
21
79
44
8
100
88
95
99
73
29
99
45
98
64
44
42
97
99
84
36
58
47
77
84
18
79
97
50
77
41
20
100
10
47
17
70
56
56
100
42
6
72
69
88
61
19
58
60
40
31
53
98
1
47
14
32
77
70
52
86
23
54
2
1
42
63
10
84
99
49
12
1
3
95
92
17
1
69
79
25
77
95
2
66
52
56
75
14
37
26
85
87
42
45
93
96
37
90
1
18
58
24
90
65
81
91
55
25
56
17
48
39
76
32
4
92
44
77
11
84
41
42
87
14
62
93
28
53
36
83
71
34
34
89
93
39
63
41
9
13
43
31
94
45
20
10
97
11
53
27
35
94
54
65
65
93
98
75
76
98
60
82
86
47
69
76
6
15
51
86
47
100
87
15
67
82
39
2
91
88
41
70
40
94
84
31
99
60
73
55
79
77
49
3
73
27
34
87
47
36
90
41
24
85
50
93
56
88
100
49
22
20
38
50
77
45
84
18
11
12
42
57
14
15
70
92
70
22
14
75
15
90
4
43
90
9
95
35
17
15
11
44
31
78
43
69
6
94
27
24
8
95
84
60
98
17
10
49
18
9
49
50
91
37
3
87
23
23
25
5
3
5
88
36
24
24
88
25
95
56
80
78
86
63
61
42
12
64
93
15
69
61
6
80
92
37
100
35
13
61
37
25
55
51
39
76
9
38
26
54
89
51
84
37
42
60
65
77
29
17
14
28
76
0
100
45
7
28
32
83
29
96
30
15
57
26
98
15
64
32
61
96
84
85
100
96
40
95
83
23
73
66
86
74
82
5
38
10
25
20
30
55
42
86
30
96
59
22
30
87
23
87
93
22
19
46
27
58
24
29
79
76
21
73
98
86
82
66
1
82
86
57
51
12
12
66
95
77
50
98
69
88
77
6
49
21
35
2
99
11
79
2
41
43
0
54
48
22
10
92
99
92
40
97
4
88
50
38
28
85
44
18
45
52
60
36
35
97
4
80
61
95
100
27
4
31
47
82
18
84
99
30
84
21
81
60
71
71
18
1
9
95
71
22
69
16
100
96
33
8
50
9
70
96
51
41
88
100
96
78
52
29
55
93
75
15
47
68
25
76
13
46
91
35
63
50
77
56
19
86
75
98
55
0
40
40
96
80
32
85
18
98
58
71
1
3
17
71
71
91
81
47
19
79
33
88
24
19
66
95
85
8
97
29
0
59
26
95
5
31
15
74
96
11
93
100
0
91
61
60
35
49
36
56
15
8
18
97
96
51
90
48
72
32
100
53
8
12
13
9
64
50
88
10
10
23
91
22
40
62
78
18
77
96
97
43
8
17
22
86
92
92
84
30
67
57
2
28
3
74
0
32
51
81
45
33
96
63
14
50
29
9
76
80
15
39
46
84
58
3
27
96
54
38
32
33
52
77
66
70
40
6
59
97
38
4
57
32
21
74
76
92
48
55
89
72
48
57
63
71
11
84
28
67
65
13
55
96
24
35
63
57
52
13
13
17
6
92
53
18
61
50
40
14
61
43
45
69
39
98
73
10
81
22
48
5
2
32
93
16
79
31
28
25
43
8
44
90
41
6
47
56
0
53
94
80
61
34
4
100
88
90
84
92
8
60
52
94
88
78
61
100
40
7
72
98
80
73
26
35
34
10
35
45
36
10
89
42
40
13
42
44
95
29
52
66
6
3
47
49
69
52
44
90
91
67
71
32
65
22
12
23
76
50
6
23
100
91
31
5
81
31
8
89
71
68
6
51
46
17
3
11
98
73
90
17
60
43
14
64
95
63
26
92
65
97
11
16
73
2
82
91
16
20
24
37
51
66
1
71
25
58
7
14
100
92
83
82
75
42
2
13
4
96
19
2
32
60
9
82
18
57
39
69
59
42
91
54
69
37
91
39
41
33
19
69
79
97
82
80
7
0
46
80
32
11
29
72
63
66
13
3
59
64
95
22
20
80
15
50
36
48
36
45
24
25
56
50
82
98
84
63
63
43
58
38
86
23
77
33
51
88
82
97
80
47
20
37
86
99
58
42
4
52
73
1
32
10
25
87
97
76
47
90
74
87
45
80
36
91
52
39
100
77
8
59
85
97
18
46
20
80
28
44
34
80
29
83
16
47
11
59
7
99
71
86
49
52
4
75
32
45
47
89
47
64
20
50
35
1
40
57
86
88
21
87
88
100
94
72
56
92
28
58
17
41
30
84
40
26
64
21
85
49
51
58
91
86
62
9
92
75
59
73
40
20
53
47
70
79
98
17
21
63
60
96
14
90
73
51
17
5
96
86
75
74
32
43
12
14
28
93
84
12
42
38
77
91
1
73
10
86
29
6
59
74
3
42
45
41
86
99
94
59
22
33
93
46
43
77
64
80
96
16
32
84
92
38
39
76
41
5
