50
97
99
75
47
96
62
10
39
3
3
72
28
21
69
1
53
70
72
80
57
95
10
11
55
88
26
44
33
9
0
51
73
88
11
88
97
41
4
85
16
13
11
57
83
85
62
65
57
33
89
21
27
81
70
84
39
3
2
24
1
77
68
71
89
4
23
82
89
13
51
56
39
85
83
59
95
68
44
36
79
15
93
10
75
14
4
42
70
39
17
100
83
18
80
49
55
71
73
75
89
84
39
53
53
58
78
28
59
47
38
18
61
61
33
68
26
8
52
83
98
97
80
61
85
79
6
85
11
50
75
51
73
41
3
30
90
98
38
54
99
59
64
20
11
40
13
10
32
1
17
70
16
17
72
13
94
9
18
72
57
96
85
24
54
28
16
70
64
49
42
89
78
44
35
74
60
1
21
45
40
29
10
18
12
89
69
50
85
81
39
73
27
51
3
87
21
92
75
93
56
31
33
81
69
36
14
82
83
95
37
20
33
80
52
78
75
15
43
44
98
13
80
51
74
18
24
94
38
46
11
31
63
55
66
84
1
81
88
87
77
28
22
27
59
50
36
70
94
100
40
14
6
70
12
40
25
82
31
92
30
63
38
31
98
47
48
18
82
55
32
35
15
22
82
11
13
43
54
80
73
28
33
54
90
10
18
49
7
34
84
74
72
24
64
63
34
54
17
87
60
17
21
8
54
59
77
100
5
16
3
62
22
26
17
92
4
10
57
77
37
88
23
30
73
38
97
5
25
88
80
73
72
69
36
9
84
73
42
41
80
22
86
73
11
60
90
99
9
95
95
41
53
10
43
67
54
18
13
46
72
96
60
85
49
4
72
44
6
4
3
86
34
42
48
30
4
94
73
13
90
42
30
54
91
25
45
44
44
90
42
95
50
82
46
57
65
74
34
90
59
37
13
41
83
28
42
41
96
76
76
51
6
77
0
84
55
10
45
29
24
17
36
68
52
46
95
31
52
68
9
75
24
30
12
99
13
79
30
40
64
3
57
16
16
86
6
86
52
84
85
59
58
44
34
19
69
62
79
82
8
33
24
39
94
28
82
88
47
60
86
54
82
28
87
34
63
89
81
89
17
59
9
8
34
80
61
12
61
68
78
20
65
39
61
5
31
36
25
31
13
98
72
3
96
14
39
36
18
83
23
23
48
75
3
84
7
55
59
6
70
3
44
59
32
22
9
81
74
43
29
68
100
8
96
23
93
25
89
59
81
15
5
88
83
23
55
36
41
23
29
94
78
8
90
53
1
43
42
93
10
53
24
72
66
51
78
42
97
74
71
25
100
25
88
56
16
38
82
63
79
8
5
33
51
45
14
17
20
80
7
34
8
6
54
33
42
39
73
57
0
14
60
12
31
47
10
47
13
73
54
96
90
96
76
99
10
52
83
53
67
31
15
40
16
20
77
36
5
23
97
81
81
66
5
44
81
68
9
12
21
28
83
55
42
2
68
29
28
67
76
17
23
0
43
57
33
12
61
47
36
17
90
63
31
2
59
29
14
93
39
15
71
84
44
10
24
81
93
62
88
68
34
38
8
31
22
68
82
6
90
27
74
5
38
16
2
85
51
35
2
13
68
17
48
30
51
54
8
49
56
45
99
82
19
17
68
66
53
99
63
11
32
62
22
74
28
65
82
98
21
57
61
73
52
85
4
58
65
10
35
100
47
90
93
10
23
47
67
61
30
10
21
84
31
54
55
31
18
100
92
1
3
95
38
28
77
92
38
38
93
8
10
67
13
85
45
60
84
70
56
92
11
1
45
65
62
67
22
42
15
99
84
77
10
59
50
100
5
22
65
65
95
22
91
32
82
64
45
83
55
75
56
47
44
94
2
46
21
100
89
11
55
15
51
6
34
1
60
64
40
33
40
93
41
84
59
32
83
89
18
57
17
66
98
79
35
5
18
1
90
56
11
29
86
81
16
69
15
29
92
74
7
58
8
41
28
18
93
48
76
37
56
78
1
43
42
62
87
17
83
68
69
49
52
26
65
78
22
43
36
64
69
48
98
50
87
31
85
13
42
83
72
43
82
42
8
62
5
67
27
29
47
21
22
69
13
59
49
86
51
39
7
50
85
61
96
99
1
62
40
43
82
85
27
34
92
39
3
89
71
38
78
96
14
13
84
17
59
7
87
17
19
19
41
78
87
44
27
38
100
88
78
63
65
55
87
36
43
97
86
37
7
88
19
3
11
34
13
1
70
1
2
64
50
74
24
11
94
23
73
93
3
1
19
64
58
23
12
2
24
47
16
12
60
12
49
64
44
16
39
49
38
43
88
57
36
94
93
21
56
62
77
83
99
32
29
52
43
10
44
34
38
0
39
53
22
49
53
62
50
66
42
90
67
75
50
3
68
29
71
85
45
2
77
42
2
86
38
73
50
4
60
94
58
50
35
67
31
73
80
36
52
82
92
98
43
53
11
15
13
68
18
78
20
96
93
65
78
33
53
85
38
85
4
68
55
4
94
6
95
62
30
55
38
72
49
54
52
100
4
32
32
47
39
67
36
44
76
66
70
22
9
55
78
57
86
6
21
73
19
10
64
50
24
42
52
88
88
13
48
29
3
92
95
55
3
25
50
13
41
57
38
54
35
56
77
62
35
78
33
83
82
4
96
12
91
10
71
56
92
89
74
69
38
54
66
35
89
85
92
75
72
54
47
51
56
23
68
84
51
56
56
33
82
16
41
56
4
22
17
50
97
14
29
30
14
65
44
90
89
24
80
16
3
80
90
3
34
11
9
5
97
71
60
19
56
17
35
65
1
5
24
46
26
38
20
56
32
88
71
77
45
78
61
94
12
78
81
85
2
64
64
42
29
84
31
87
38
100
23
33
51
31
79
59
47
80
55
60
42
0
58
96
25
46
91
93
71
78
78
43
94
15
25
57
56
14
5
82
65
18
3
4
58
67
95
75
66
18
56
77
31
46
9
7
11
90
81
30
1
57
31
59
29
39
73
16
52
80
7
87
69
8
30
65
3
35
48
14
50
85
98
72
52
81
61
17
77
90
40
100
99
43
11
34
45
92
58
98
7
70
73
80
88
23
92
54
74
30
8
19
35
38
59
16
11
23
40
8
32
21
32
58
19
24
20
46
99
51
5
15
27
100
0
57
20
39
45
18
81
2
85
33
67
65
35
62
24
67
73
25
85
73
14
68
62
8
25
87
4
31
9
82
62
57
66
42
10
59
6
15
59
13
19
67
70
12
62
41
52
34
99
26
19
44
96
86
89
64
10
26
42
49
80
98
73
83
87
60
14
31
10
49
52
11
72
94
82
97
55
21
5
84
80
7
78
19
16
21
12
46
37
98
94
34
26
13
82
71
6
48
84
36
81
93
33
88
26
67
43
88
25
58
40
87
6
72
21
24
8
82
57
65
79
59
40
27
38
20
62
31
18
20
96
73
6
0
98
91
19
33
75
25
5
80
71
92
72
2
3
83
31
65
0
34
87
71
72
48
6
95
91
42
7
47
86
92
0
76
56
27
10
93
63
71
79
18
32
12
92
33
86
4
15
19
66
93
34
40
40
93
9
48
39
93
13
41
54
10
44
93
95
77
92
28
56
56
3
20
94
25
48
76
71
31
99
39
83
20
40
87
59
42
99
14
12
1
98
18
46
71
31
92
56
28
98
75
60
92
57
35
27
45
72
56
81
59
20
20
13
74
22
49
33
79
89
95
77
39
18
82
48
95
56
72
52
26
15
60
12
35
45
54
63
4
77
62
71
77
51
94
15
71
73
52
98
86
88
2
70
0
49
57
5
62
36
38
84
6
64
41
32
18
44
44
90
62
3
62
95
14
84
22
59
55
76
9
67
31
35
72
40
72
84
81
28
57
55
22
1
52
92
63
32
44
1
32
72
9
93
80
39
68
33
96
89
7
26
29
92
15
3
70
9
31
32
33
6
15
91
47
30
88
4
22
74
62
34
63
45
30
0
87
10
34
8
88
49
0
58
70
74
49
24
64
28
87
60
72
18
53
96
13
71
31
60
18
87
81
5
34
41
14
33
65
88
47
98
28
12
8
41
63
26
39
35
54
82
23
9
80
65
33
86
55
16
37
8
60
91
81
68
22
3
34
95
18
22
41
14
85
12
58
80
80
38
58
21
53
25
45
95
4
16
15
1
31
16
64
41
85
42
18
53
12
44
8
51
100
81
73
16
22
41
12
68
75
8
7
79
27
65
47
96
23
75
30
88
73
76
89
58
56
48
14
75
32
15
92
68
46
42
33
46
87
7
75
67
54
20
60
60
57
44
3
17
19
0
19
22
90
65
18
92
62
94
74
79
3
94
62
91
15
24
60
85
11
10
55
69
31
43
86
75
25
61
98
53
95
78
92
45
16
80
76
72
67
79
47
27
24
62
98
68
62
32
49
8
78
12
12
80
83
98
78
27
40
65
22
61
36
53
33
47
63
41
19
68
7
93
33
50
16
78
34
91
30
66
92
5
92
19
74
76
29
39
59
25
39
82
29
54
77
44
69
60
68
97
94
