50
64
41
58
13
93
0
75
58
100
59
69
11
58
71
50
50
24
73
28
94
26
27
63
23
7
71
15
26
45
98
35
60
45
66
35
57
77
99
22
79
44
97
88
49
73
63
23
100
32
35
32
18
69
82
38
72
100
86
40
55
57
97
48
70
95
66
92
5
7
98
77
34
33
31
35
4
90
85
28
20
79
68
80
5
36
39
17
19
100
74
39
92
63
11
41
56
16
48
6
16
55
31
77
54
3
83
87
47
39
59
11
74
38
75
78
8
15
77
18
27
50
12
87
12
50
87
72
76
53
32
6
2
39
40
33
42
83
81
42
76
19
98
52
68
64
41
41
68
23
2
54
36
67
14
67
55
99
38
25
83
81
0
72
56
48
7
20
41
54
48
50
90
1
27
32
26
13
72
74
35
70
7
34
80
58
32
47
24
80
62
22
75
19
92
13
30
98
42
60
70
42
14
13
81
18
58
62
57
13
65
44
63
31
24
28
80
55
19
34
19
1
10
56
65
2
30
66
46
22
40
67
79
86
32
23
35
21
83
81
6
20
34
11
77
5
75
21
0
1
21
85
14
20
53
72
15
63
71
70
78
41
48
76
39
36
11
92
36
15
5
87
36
60
20
19
94
21
100
9
85
22
5
15
34
61
83
47
23
72
60
58
4
58
52
14
90
75
61
55
95
35
65
28
93
56
34
18
25
81
87
30
50
96
91
84
86
98
6
91
12
91
26
1
10
75
7
28
22
57
59
49
76
20
95
73
41
38
45
98
32
75
63
44
37
53
89
99
69
69
14
92
22
95
64
97
44
71
22
55
49
18
12
77
56
30
42
98
53
58
17
2
41
94
54
32
41
3
63
19
29
86
29
3
4
86
20
48
55
61
95
0
8
97
66
85
98
19
94
32
66
96
74
41
43
58
52
81
55
38
54
32
55
92
23
27
28
32
91
2
100
58
2
69
6
82
21
44
51
12
59
38
44
70
25
12
11
59
51
9
22
77
86
8
8
95
45
92
64
49
7
76
44
40
38
71
2
44
87
83
90
64
61
65
66
57
70
45
93
5
21
77
30
84
49
17
1
12
14
12
6
67
13
4
62
8
47
4
83
38
7
69
0
37
87
2
4
72
16
88
5
15
86
72
32
0
7
67
71
39
20
47
32
100
20
36
6
0
28
82
28
4
30
92
50
80
30
37
35
21
86
86
63
91
48
38
71
98
10
52
37
51
75
32
11
20
75
23
78
22
71
40
41
70
5
52
41
90
41
78
56
70
14
49
28
6
45
12
79
1
45
62
34
77
42
33
74
48
3
77
41
28
1
79
78
68
96
66
85
85
86
35
87
40
55
16
66
81
62
7
22
100
18
66
83
14
79
36
20
71
21
82
17
52
91
61
74
90
53
47
55
72
47
24
76
24
0
20
35
91
48
14
23
37
59
53
49
0
13
50
38
82
40
92
52
22
83
27
35
9
44
83
26
79
55
78
98
36
4
94
21
75
81
10
78
25
14
71
56
63
85
92
12
7
24
38
64
69
3
78
26
48
72
18
58
62
88
71
54
66
12
15
55
16
47
64
27
96
76
33
48
26
55
14
11
52
59
24
51
93
78
15
32
84
53
80
4
19
43
38
12
76
9
84
74
62
58
39
96
14
6
88
22
63
17
91
24
24
20
13
8
95
5
78
30
28
17
72
61
82
55
98
8
92
9
88
91
88
23
65
22
96
81
50
65
83
34
52
16
12
12
43
35
55
19
36
8
32
0
9
1
71
86
40
93
37
22
38
28
28
58
86
14
36
66
53
15
5
34
43
51
55
46
92
88
25
68
65
13
38
19
100
54
69
63
74
75
31
90
20
99
27
82
14
79
99
35
41
93
61
80
31
26
10
97
45
88
35
72
1
35
93
12
93
85
52
12
9
20
0
96
53
43
85
100
21
5
62
89
51
76
80
55
23
2
93
100
42
1
60
76
19
92
21
33
76
27
23
100
33
56
94
26
29
90
86
3
20
85
49
75
79
6
75
11
66
47
15
91
44
37
1
89
78
25
26
21
20
95
91
30
9
92
53
16
56
76
60
34
36
88
59
19
89
1
15
4
37
69
37
39
5
72
5
43
23
11
39
20
35
36
48
9
20
32
75
5
30
24
91
92
14
28
30
84
87
93
73
77
76
64
43
45
77
60
74
5
58
82
13
12
22
10
32
92
37
83
9
88
64
16
69
4
55
51
46
41
54
16
90
38
1
25
12
58
60
57
94
10
53
67
99
49
3
99
16
76
18
69
51
96
51
16
79
94
21
73
22
56
47
57
55
27
52
67
62
82
91
1
68
33
28
23
32
27
28
41
84
35
82
0
56
76
23
13
39
57
99
64
34
42
44
82
77
75
55
39
42
90
36
24
33
46
25
58
84
86
7
10
100
24
16
86
49
33
92
71
4
50
73
20
90
77
13
36
60
9
16
12
99
70
85
85
10
96
85
57
41
10
60
88
6
17
30
48
15
41
97
82
33
67
50
69
41
73
62
14
0
95
91
36
86
3
91
62
30
25
6
82
29
69
68
24
57
87
33
65
56
32
95
29
36
96
32
85
60
45
25
53
33
42
61
19
84
47
60
48
43
48
90
31
1
79
76
95
65
35
70
28
3
32
53
63
99
61
19
95
92
5
76
4
50
44
6
26
19
57
29
92
92
5
21
44
3
75
96
69
18
15
94
35
93
67
7
24
99
93
46
43
32
92
38
91
42
39
80
19
84
4
23
53
28
74
85
25
99
57
19
5
89
42
17
74
69
53
64
6
87
75
31
99
26
4
59
50
26
41
43
1
57
22
99
7
44
96
12
87
32
99
42
49
13
63
19
19
11
99
33
40
88
50
47
38
94
20
19
2
73
11
79
70
10
27
75
50
83
83
49
66
79
13
74
78
79
24
84
16
43
40
13
82
30
84
92
79
3
4
69
56
99
36
25
67
0
100
55
23
7
42
38
78
54
26
70
60
97
13
86
86
87
90
11
89
92
90
49
26
60
42
49
43
1
9
16
57
21
54
32
19
25
56
88
42
66
100
55
92
90
25
41
30
34
69
44
98
28
87
93
30
71
67
3
84
81
76
49
37
63
83
26
64
56
87
72
74
32
59
21
32
65
76
23
32
8
0
76
5
19
14
57
18
95
42
17
28
26
12
43
64
25
38
28
68
75
89
85
59
78
17
20
69
46
68
88
39
20
97
21
13
27
89
65
71
78
86
14
98
45
17
56
56
65
63
27
35
84
59
14
65
76
39
28
42
37
84
84
35
33
57
66
56
85
92
24
93
80
4
31
71
1
1
34
29
97
74
68
84
16
73
73
85
72
73
100
23
71
38
24
93
78
19
2
22
90
72
95
68
57
21
41
27
52
36
51
35
17
97
70
26
6
80
21
55
94
86
0
63
93
37
76
4
3
56
59
1
4
2
90
97
60
65
71
87
97
26
80
55
73
9
70
21
35
72
77
65
51
23
89
17
86
80
58
45
33
45
87
78
69
71
19
11
12
63
14
79
30
9
91
21
53
46
91
31
38
24
45
58
79
2
28
21
3
29
92
79
38
93
77
4
81
25
57
91
61
97
43
87
89
51
82
78
62
9
10
72
50
95
3
40
2
28
2
71
26
41
7
59
7
77
92
84
77
77
74
87
92
12
37
31
26
23
77
57
92
40
4
77
75
42
24
17
17
49
95
72
16
49
57
77
17
8
71
89
31
90
0
74
91
90
3
38
65
16
63
93
81
24
68
39
51
52
59
13
26
9
91
86
80
62
45
79
44
70
41
46
74
58
39
73
13
39
12
61
5
92
70
57
38
62
14
72
44
93
31
82
92
41
45
31
59
28
67
76
48
25
41
58
95
34
82
89
37
4
98
6
91
50
34
65
50
4
93
90
55
18
48
73
26
47
23
5
54
67
8
85
57
6
52
47
54
71
83
90
85
40
62
38
76
27
18
54
24
62
31
31
25
20
79
77
94
5
87
74
65
1
64
9
36
18
32
18
50
6
19
100
79
11
56
53
9
64
75
1
20
81
52
24
81
52
11
29
41
10
26
2
95
54
29
76
72
0
97
3
90
93
88
63
74
8
17
23
44
80
71
88
6
54
79
41
54
43
88
28
57
37
30
3
85
9
14
87
54
61
26
33
73
68
22
14
41
1
22
3
39
38
19
1
59
23
83
10
80
85
100
45
66
10
35
70
83
73
19
15
13
14
8
68
63
0
85
39
61
83
19
95
94
82
51
57
97
42
86
71
2
38
36
69
73
25
93
43
48
31
96
26
32
48
29
85
2
17
59
0
66
25
11
21
44
16
12
6
57
62
36
23
62
23
4
59
60
2
67
5
0
47
2
69
54
69
14
52
82
30
81
17
13
2
10
76
51
54
87
79
8
34
9
62
84
97
17
69
7
8
50
7
21
59
71
99
20
72
45
98
47
11
81
17
17
11
31
77
99
12
7
51
70
35
53
64
76
19
59
29
56
9
70
8
38
37
59
