41
46
81
90
64
60
39
33
26
12
1
32
48
64
86
74
97
93
100
31
72
90
98
24
16
88
80
14
50
72
35
95
93
81
40
31
62
36
40
25
28
76
83
72
13
69
63
68
36
70
50
59
29
91
37
18
25
5
98
62
52
37
27
8
0
43
18
65
53
95
64
73
22
5
1
1
28
1
73
80
95
43
3
73
37
43
29
91
85
65
82
58
16
43
88
75
82
1
47
96
39
5
17
9
63
92
63
100
28
71
76
20
88
97
72
35
78
17
24
91
8
92
40
35
42
18
48
47
68
5
78
81
77
30
70
34
8
3
94
44
21
44
98
65
33
55
41
52
44
72
15
96
85
79
8
63
54
23
90
18
40
26
77
34
90
74
40
19
31
42
24
19
27
7
40
25
82
1
19
53
82
83
9
86
19
95
90
98
66
36
33
21
69
46
52
74
76
1
83
97
52
95
23
49
82
100
17
99
87
66
33
3
79
58
47
64
18
22
5
62
96
51
35
40
19
75
87
41
60
62
15
32
45
4
96
5
92
26
52
78
33
9
97
39
9
67
31
33
46
63
12
83
7
93
97
94
52
0
30
18
22
51
44
9
20
98
67
88
43
48
30
39
25
34
88
28
100
58
96
87
32
50
92
53
78
59
28
56
8
30
12
16
46
39
47
16
35
37
76
87
71
17
27
87
56
95
93
34
46
15
94
92
47
90
3
8
69
87
60
83
48
14
53
77
67
16
5
92
23
17
91
87
7
78
13
33
43
26
100
61
99
59
15
1
99
30
36
84
66
59
41
62
5
3
87
10
21
91
1
75
53
48
43
82
86
87
21
41
47
41
47
13
24
82
46
52
92
89
34
51
20
45
54
64
86
31
85
19
50
5
80
29
81
76
35
29
12
29
73
25
66
47
26
36
47
4
96
83
98
76
37
65
26
52
12
92
87
91
42
45
13
53
54
44
2
14
95
29
5
59
94
24
73
12
2
53
17
55
78
11
40
76
23
53
12
71
9
80
26
28
95
32
42
23
54
10
34
75
9
85
81
32
1
67
29
15
26
61
56
28
79
94
68
96
29
96
23
31
43
26
46
72
94
83
51
63
100
66
68
79
21
68
10
14
43
81
32
64
19
70
34
70
58
36
31
68
72
45
25
88
35
83
72
15
6
6
19
95
23
87
71
60
29
70
4
10
27
12
93
90
23
55
5
21
31
5
56
49
80
11
61
50
6
85
30
84
89
53
67
0
38
72
66
96
15
42
10
32
33
75
50
23
5
23
6
31
30
77
92
81
5
91
89
19
51
38
6
16
93
90
47
83
99
98
32
62
61
7
25
9
73
91
50
3
36
22
1
17
23
35
1
20
26
26
16
38
45
18
28
98
1
39
80
100
46
75
82
66
30
85
18
82
56
37
67
59
65
60
68
11
60
98
19
99
44
78
79
46
92
54
34
84
51
4
47
50
81
60
99
30
56
95
0
16
71
71
31
38
74
92
53
7
81
92
63
13
28
88
83
51
1
28
77
89
80
94
4
24
100
31
70
88
84
12
82
77
72
1
4
91
62
17
11
72
13
13
58
10
95
67
30
1
23
63
53
34
91
2
30
84
100
13
49
80
53
21
13
34
37
60
77
3
94
97
40
19
92
32
15
39
31
6
81
35
79
48
58
7
47
28
77
0
8
40
29
43
1
19
27
66
66
20
79
12
40
23
26
58
43
17
20
88
21
11
97
70
0
39
98
74
13
31
63
51
7
24
13
23
74
36
98
1
14
85
62
36
0
75
8
55
77
82
82
72
51
18
65
8
62
47
64
97
82
87
24
77
5
82
73
86
2
42
64
12
33
59
42
26
82
31
32
78
56
42
13
56
54
22
71
13
41
47
80
88
88
39
20
36
88
25
80
43
64
20
83
96
25
43
98
7
6
100
77
43
34
77
31
98
25
8
50
65
13
97
11
20
17
72
4
46
77
99
59
31
13
15
38
92
46
88
1
19
26
65
28
100
26
87
19
10
38
59
30
53
66
0
99
97
100
68
8
14
2
66
67
87
86
56
87
66
68
93
71
47
65
20
87
28
99
70
11
14
2
68
66
52
2
63
6
1
18
32
46
45
40
78
37
54
59
6
79
50
35
34
64
69
100
2
20
55
36
21
25
58
91
32
91
50
35
56
24
31
43
57
20
30
98
18
12
81
17
43
13
11
31
4
35
32
84
88
53
85
38
0
29
0
15
98
86
0
63
13
85
80
18
11
87
37
98
27
54
64
56
36
57
91
7
6
79
3
86
58
98
19
8
27
14
47
7
42
60
61
27
83
8
45
27
81
53
17
62
97
44
94
94
1
74
17
70
44
53
96
7
99
38
4
12
94
38
51
90
14
43
26
30
6
25
74
52
91
13
9
95
70
19
15
28
99
15
94
19
63
49
23
95
30
67
86
96
17
15
5
18
31
71
51
32
22
26
89
80
70
75
3
21
54
82
43
0
88
87
71
57
12
69
43
36
54
90
56
35
76
27
57
37
34
55
96
68
12
52
75
60
69
13
50
3
69
88
18
53
60
31
18
51
72
59
75
0
6
91
61
33
43
40
2
17
42
44
42
42
72
63
66
78
48
87
32
64
97
67
99
93
7
85
94
85
85
51
92
23
71
91
18
65
50
88
25
15
80
86
51
2
74
78
20
91
3
74
50
34
89
8
38
57
23
71
66
86
10
99
85
52
33
48
17
95
97
98
19
62
70
5
5
74
10
97
34
70
0
79
13
9
93
45
64
28
15
45
74
55
40
59
94
3
22
49
6
92
94
32
89
28
15
30
1
71
4
72
73
57
24
82
41
96
80
64
36
72
100
27
45
89
80
88
99
94
71
61
76
27
0
41
76
27
68
44
12
48
33
14
46
18
87
82
4
12
4
21
93
42
65
42
99
22
3
99
70
100
10
26
12
35
72
13
30
15
36
0
62
58
81
29
20
44
66
44
12
81
8
45
62
23
33
87
14
3
57
99
22
13
47
79
65
25
66
15
5
58
42
94
95
98
64
94
66
57
76
81
66
4
77
27
100
30
0
90
53
74
25
74
61
7
73
97
62
12
56
86
8
89
27
9
89
40
56
87
64
87
10
78
92
1
77
72
21
0
62
99
63
9
72
7
15
63
9
86
35
23
83
11
50
61
90
79
51
35
94
72
79
62
75
22
85
60
41
75
51
95
33
15
18
58
11
81
69
46
11
68
43
17
54
41
46
33
49
74
98
93
0
54
84
91
83
8
43
10
6
17
39
49
62
95
63
0
97
75
100
54
74
19
84
12
75
4
5
40
72
62
100
30
94
50
57
23
90
41
2
34
5
58
13
25
18
75
43
16
47
98
33
16
80
5
40
2
79
71
97
47
81
30
75
70
39
23
15
38
40
62
46
62
83
97
95
83
58
42
0
96
63
94
99
17
26
30
87
31
27
53
36
22
74
78
32
73
6
60
35
14
45
75
73
67
67
73
96
21
65
50
18
13
23
75
46
58
84
88
36
71
35
43
77
88
29
75
91
89
90
95
1
39
31
12
30
33
89
44
93
44
97
51
31
37
22
75
72
32
44
3
98
97
35
0
10
67
33
12
63
16
67
95
92
31
42
34
49
82
66
60
18
33
4
1
44
31
8
40
43
14
42
59
27
35
94
22
56
5
53
59
40
96
61
8
82
72
20
44
28
97
5
13
29
54
76
14
56
77
4
48
96
27
87
27
14
74
95
25
24
90
47
99
45
86
6
89
12
50
69
92
87
74
63
65
97
23
72
20
58
19
1
73
48
81
74
30
39
39
29
44
51
85
55
51
46
41
93
0
60
95
94
46
95
9
23
67
30
55
75
96
42
36
17
79
27
64
9
7
65
27
22
1
70
44
52
10
2
0
36
27
76
32
10
69
55
36
46
95
22
86
40
63
79
97
25
46
74
29
47
56
89
17
80
47
10
78
46
16
40
39
94
42
62
6
2
3
80
70
1
21
0
52
74
74
54
98
85
48
66
56
23
64
4
20
81
11
23
63
97
34
1
48
24
57
5
27
12
46
41
21
11
18
35
46
92
13
62
1
58
12
70
51
30
92
45
32
24
53
50
14
12
7
34
99
29
68
92
52
7
100
37
73
64
41
54
52
9
55
77
70
48
80
32
34
8
24
60
88
29
68
35
82
65
73
90
58
7
46
3
79
64
72
44
27
25
68
82
12
99
10
29
12
4
53
92
21
80
14
21
7
7
93
100
98
23
31
25
68
56
93
6
83
52
70
74
35
40
71
97
24
31
2
83
17
61
6
56
95
40
27
89
63
76
99
86
13
61
88
73
68
81
28
56
54
3
72
34
47
84
86
96
69
71
35
24
28
64
61
62
54
24
13
39
36
73
63
44
55
41
57
3
41
54
6
13
85
93
8
9
65
9
19
14
84
66
58
5
24
85
19
90
33
11
72
80
12
3
96
13
77
42
95
1
91
52
90
19
70
9
74
43
7
7
77
84
100
81
46
77
7
99
