62
50
19
4
50
31
69
4
94
81
34
100
86
14
11
44
62
90
66
90
25
21
52
46
88
6
21
41
32
2
13
30
61
63
36
98
16
69
30
22
4
81
7
69
52
65
37
82
12
42
97
96
56
6
28
73
87
78
44
17
58
53
46
64
41
4
59
6
53
31
29
85
73
68
55
57
10
73
56
80
25
0
45
22
20
44
16
36
26
21
23
0
57
59
69
79
7
9
64
40
65
48
98
32
19
83
46
8
28
32
96
64
59
58
34
5
77
55
70
97
89
83
8
89
41
96
51
61
69
47
99
82
20
53
39
29
25
14
81
51
63
89
31
80
95
97
32
86
97
6
49
35
44
40
35
67
28
17
32
36
16
58
73
24
15
67
95
88
63
65
3
41
79
48
10
49
13
79
44
39
5
42
90
96
34
7
32
78
37
37
62
68
30
5
28
20
75
32
89
58
59
30
11
71
11
20
56
62
46
74
54
40
80
31
88
32
46
30
0
28
91
99
45
73
6
55
79
33
68
71
17
1
61
10
91
2
86
70
84
22
21
89
4
78
78
72
88
5
89
61
59
57
31
40
45
67
73
4
6
90
16
68
29
68
95
97
44
41
99
22
65
80
97
76
11
65
14
34
61
74
54
3
9
74
82
6
44
48
48
86
10
24
63
10
52
95
26
52
18
2
58
55
76
15
21
96
44
33
15
83
15
17
82
82
23
74
43
90
62
83
66
26
38
61
99
63
100
90
45
89
30
57
79
37
3
11
78
79
61
14
92
79
48
75
39
40
97
70
29
55
52
17
21
85
45
7
64
68
84
87
7
61
46
89
87
22
10
76
24
25
7
27
58
30
62
17
90
0
28
2
94
25
49
86
100
39
18
54
51
72
68
3
50
23
10
37
69
13
5
54
66
23
41
60
7
14
11
87
33
82
18
73
89
48
12
21
2
2
43
30
90
87
2
81
73
98
15
95
49
28
6
92
85
78
4
36
80
12
30
94
83
0
81
58
47
47
33
13
92
18
17
68
90
85
66
95
25
2
45
40
29
13
88
44
85
39
94
67
39
61
3
83
32
79
34
42
77
56
34
0
87
53
92
97
2
22
73
36
83
71
80
54
4
15
41
76
25
97
68
80
41
19
75
97
19
91
71
22
56
39
5
8
44
86
2
24
97
71
78
0
57
97
95
95
5
55
82
25
76
13
82
6
96
32
63
93
8
66
73
31
98
56
97
88
40
73
45
71
34
68
38
8
51
46
38
89
49
39
48
72
63
82
81
15
78
58
93
7
26
57
43
85
62
20
61
3
57
74
22
37
25
73
10
16
94
53
61
71
72
75
37
50
21
96
41
80
58
37
95
98
48
24
16
18
79
54
62
45
60
57
70
97
56
95
99
14
13
44
69
87
89
25
22
52
73
89
3
15
48
68
22
1
21
88
70
1
93
61
66
11
27
28
1
60
88
82
26
94
41
25
92
70
65
34
27
8
74
36
27
65
16
27
63
12
7
65
90
73
77
93
85
87
38
1
70
84
21
22
79
100
66
20
49
26
3
51
35
37
28
10
54
100
30
63
18
29
62
64
89
49
80
93
93
71
27
95
71
24
19
60
80
32
55
74
88
8
61
27
65
37
37
30
79
87
22
14
20
96
62
98
19
32
90
33
99
55
30
25
36
42
3
9
41
9
85
3
64
28
65
2
1
93
94
5
81
40
42
58
14
45
90
10
71
80
17
60
12
6
97
89
21
53
57
68
69
57
12
61
84
14
55
75
72
69
65
7
35
11
58
45
70
0
10
34
81
49
8
96
22
44
90
18
7
44
82
53
58
43
20
88
82
36
77
37
63
44
14
13
26
18
60
62
11
56
12
10
38
44
2
63
16
43
19
19
66
41
29
68
79
82
10
19
91
73
4
67
92
9
19
87
82
15
63
24
18
81
26
96
97
82
28
98
49
51
31
30
50
66
70
100
20
24
46
18
90
20
79
78
38
89
98
93
55
15
15
8
74
49
91
35
41
82
33
73
28
98
48
68
70
7
53
99
21
67
8
44
39
15
64
97
97
3
69
66
81
20
78
41
40
98
59
97
61
6
62
18
62
91
9
32
30
46
34
7
84
9
81
18
88
64
76
8
88
56
93
60
91
97
3
60
45
17
98
72
41
28
58
9
69
4
49
35
3
34
94
69
44
6
80
39
80
25
63
30
23
16
26
13
82
0
26
54
23
98
31
69
19
46
54
61
4
91
49
50
43
90
61
74
49
15
20
31
14
26
80
92
20
88
8
81
64
13
62
58
38
12
7
86
42
33
92
5
31
65
83
61
3
62
63
77
56
85
54
77
74
80
77
48
40
68
30
53
25
60
27
34
57
35
9
98
29
53
98
57
24
58
6
46
93
63
74
99
38
52
97
67
86
41
89
69
50
21
79
11
72
100
48
60
72
97
88
85
14
96
96
60
67
25
4
77
30
92
81
79
85
57
41
18
91
66
92
55
26
43
99
58
17
95
25
24
25
79
100
1
81
19
69
62
38
76
26
14
56
13
35
37
23
96
94
3
77
78
96
99
64
46
6
22
10
92
95
6
18
10
93
18
85
62
50
49
1
75
30
62
65
88
27
59
55
32
46
0
30
66
17
20
28
31
13
7
41
81
62
10
34
33
95
11
90
12
25
41
0
59
40
39
16
75
57
16
25
42
17
29
58
5
12
95
44
88
82
81
38
96
0
39
23
10
88
93
67
14
86
96
20
76
67
0
76
84
2
97
38
77
7
77
1
47
40
88
98
13
33
53
62
82
89
26
13
93
48
83
7
87
99
92
27
5
26
76
34
2
28
53
57
1
23
5
12
98
51
63
30
44
76
20
5
34
38
35
59
13
98
59
75
40
54
72
38
76
42
70
97
3
94
63
84
84
13
67
40
43
55
55
85
63
6
45
19
65
9
15
23
65
73
90
54
42
60
99
71
1
6
56
91
23
13
43
37
92
54
52
95
82
40
81
63
28
84
68
96
3
28
72
31
99
99
1
96
13
51
15
96
26
57
78
100
0
40
21
2
45
48
11
20
64
63
34
90
13
50
21
68
19
59
44
47
33
98
83
78
11
71
12
4
82
60
7
40
76
78
86
7
6
43
97
70
83
7
6
24
89
26
82
65
23
74
46
2
47
45
90
72
81
60
67
75
29
47
0
17
43
3
66
69
69
11
81
47
56
33
43
69
93
16
42
67
71
19
95
73
41
100
37
31
4
77
72
47
26
43
52
50
18
21
59
40
7
89
61
52
35
47
72
19
16
52
35
95
82
58
17
100
100
69
5
51
85
98
13
11
43
70
90
48
66
53
18
82
4
55
59
93
38
57
27
95
83
88
86
9
23
47
87
36
60
17
4
30
35
89
79
21
78
84
6
25
14
38
6
53
4
22
2
88
71
73
19
74
56
20
39
50
77
10
13
4
9
52
13
2
26
6
84
38
36
98
14
62
59
99
77
60
20
96
2
47
92
25
61
97
28
1
7
5
30
80
56
86
37
42
9
65
62
81
39
57
5
4
46
89
59
97
30
23
7
19
79
14
17
93
32
55
99
84
75
62
30
78
33
11
64
7
72
6
92
58
52
93
53
98
29
52
72
70
0
25
62
23
15
23
4
83
13
72
85
66
94
55
9
59
14
84
74
72
46
35
76
11
56
38
22
19
10
21
31
56
66
92
51
10
56
65
51
10
78
77
61
8
88
90
7
96
4
57
30
78
62
56
40
67
44
59
17
58
8
53
73
99
14
34
56
10
14
36
84
1
14
39
11
12
26
37
72
61
15
29
70
10
89
19
43
85
81
67
46
75
85
35
8
61
59
18
66
46
100
74
100
66
55
17
33
88
14
11
52
64
38
100
11
49
0
51
29
11
7
95
60
40
27
90
21
82
48
44
23
7
90
59
89
42
51
80
3
78
81
5
35
5
11
45
10
44
80
44
56
99
35
16
85
95
10
80
44
44
3
40
83
70
88
4
47
81
96
87
79
74
10
100
97
83
26
44
96
38
94
44
52
37
33
59
80
71
18
13
100
64
72
14
15
33
85
0
96
95
32
44
14
96
60
52
7
3
56
88
17
28
50
60
98
81
34
0
5
10
81
50
47
21
59
38
14
54
98
100
18
93
56
100
83
88
79
87
0
15
0
78
77
66
36
45
55
76
33
6
30
86
44
73
84
16
81
87
41
69
65
38
56
34
96
70
37
43
9
72
3
9
62
27
65
41
99
21
27
62
87
87
44
0
16
35
8
86
71
36
71
72
36
76
46
42
98
6
41
61
87
75
88
53
10
27
57
17
59
98
78
22
6
8
16
90
8
77
71
52
30
47
87
38
51
48
56
77
94
13
36
87
3
86
36
46
59
44
37
61
26
33
21
93
31
17
68
85
76
70
25
3
53
50
0
75
24
26
78
76
67
65
95
49
97
36
29
12
84
27
82
99
7
24
57
17
4
75
80
54
8
94
47
99
1
83
1
21
37
64
18
95
20
35
3
