98
68
21
30
18
52
30
52
97
37
54
17
37
69
74
44
100
6
38
33
1
73
52
29
61
65
7
73
80
20
28
16
15
63
94
92
13
87
27
54
31
42
90
81
99
45
22
78
27
97
0
47
65
26
91
61
42
55
2
1
47
77
75
29
90
20
71
27
100
88
97
58
74
78
77
15
82
77
2
48
66
6
10
75
76
60
88
42
50
47
93
5
6
9
93
74
72
22
78
94
2
28
98
80
2
20
53
84
71
15
93
65
98
65
62
60
68
13
46
19
6
70
38
54
18
99
70
99
29
4
69
21
3
23
63
53
100
100
13
26
20
30
85
71
21
95
27
49
10
0
34
71
32
37
80
94
94
41
62
53
68
26
26
99
82
99
63
15
47
64
99
32
26
6
42
60
48
71
4
70
55
92
93
34
30
29
62
82
100
41
2
36
40
38
52
73
78
74
37
36
47
72
92
24
8
11
52
17
4
41
55
75
69
80
60
7
33
6
42
40
76
62
95
87
55
85
74
35
32
50
37
59
65
0
91
6
36
63
69
87
0
43
4
6
77
75
43
23
89
0
74
8
72
96
12
89
66
9
33
88
70
73
1
50
53
33
10
15
64
45
82
77
65
95
30
88
32
72
20
15
18
77
93
46
53
84
48
66
49
48
78
95
46
86
20
83
7
59
7
9
37
83
5
41
54
90
74
95
38
22
4
95
78
73
8
94
69
76
39
46
59
27
49
85
37
28
72
44
47
32
64
22
33
16
53
46
68
86
91
16
22
66
83
37
28
48
95
49
75
38
95
92
78
47
68
1
82
0
57
15
37
39
39
45
9
51
32
61
3
5
5
43
36
26
31
38
7
13
90
61
62
17
82
6
3
9
27
14
77
28
36
41
78
9
39
11
19
68
36
90
87
71
28
60
59
39
88
45
100
65
38
2
82
24
89
24
86
30
16
1
21
41
4
28
39
38
10
10
90
30
76
9
49
67
1
53
12
55
93
59
1
93
90
89
21
23
52
41
71
85
34
16
42
5
47
25
55
91
91
44
14
98
47
69
38
100
27
53
5
69
47
32
62
80
0
91
38
3
53
61
44
65
14
50
99
41
52
83
82
74
61
100
27
4
100
30
59
71
36
66
74
66
3
24
83
52
61
18
20
52
5
55
37
75
15
69
93
55
54
56
18
37
93
29
81
80
56
97
14
42
7
68
38
87
27
86
68
71
33
38
62
18
18
72
12
91
48
37
20
46
10
33
46
20
45
35
67
2
97
49
48
91
1
79
60
21
92
77
28
70
78
23
70
47
2
31
69
55
13
36
85
26
91
92
24
99
20
80
0
77
59
97
16
26
40
100
22
69
25
86
52
56
97
95
76
26
52
71
72
96
92
66
81
3
2
15
49
27
13
63
83
16
45
50
94
80
57
84
61
21
74
66
77
24
88
98
36
26
39
45
38
89
25
65
53
18
13
64
94
48
97
91
77
61
63
25
5
93
89
17
30
48
3
72
21
67
41
51
7
14
34
7
1
26
82
23
96
48
8
86
26
43
77
95
65
75
15
63
87
91
75
77
98
44
69
98
18
30
15
55
54
36
47
65
95
43
17
51
3
48
48
88
60
1
29
84
61
100
4
96
29
46
32
82
63
48
50
59
85
70
5
42
79
48
38
20
37
3
4
14
51
75
36
80
5
93
79
93
67
43
48
6
95
55
76
62
81
90
24
57
1
97
91
39
95
95
75
7
36
74
0
37
7
61
89
63
76
5
80
38
57
87
13
73
97
9
47
1
3
75
45
72
43
66
5
88
35
100
86
83
67
42
9
41
49
68
15
49
75
69
26
15
81
27
67
62
48
89
17
76
78
31
50
71
52
73
49
41
14
66
60
29
49
18
70
26
97
86
55
33
96
80
50
59
56
48
96
44
97
76
80
40
27
75
87
96
16
3
11
90
26
14
58
64
55
53
36
71
11
14
60
4
8
75
44
31
8
17
87
22
76
59
11
67
37
82
3
71
13
3
88
20
36
88
72
48
22
13
45
96
39
46
92
59
28
9
43
5
51
81
79
81
79
100
34
3
86
83
66
88
29
100
70
69
57
49
1
25
18
44
59
31
95
27
17
22
85
25
94
51
73
23
82
44
47
86
97
85
59
93
60
76
21
29
6
93
88
94
4
61
18
4
60
28
71
65
63
43
40
93
79
67
71
30
66
19
83
99
95
93
22
38
92
75
12
10
69
96
96
47
72
82
4
56
48
69
14
45
49
26
8
0
41
4
36
85
79
62
80
96
90
83
57
91
79
32
84
0
68
52
86
61
51
57
49
92
77
52
14
76
50
1
24
36
20
42
49
98
30
85
78
100
93
31
60
86
68
76
81
9
62
61
43
37
80
82
21
67
81
43
93
59
79
88
50
91
4
68
77
53
6
17
43
72
5
29
56
36
32
51
87
55
24
19
16
43
48
45
12
71
90
52
50
33
100
60
95
79
57
100
17
1
62
22
2
6
97
40
31
93
24
18
32
47
93
91
100
64
69
60
58
22
85
1
83
63
38
57
59
5
2
35
80
11
33
67
4
82
36
86
42
35
95
65
90
19
52
5
25
66
43
85
45
10
65
62
23
16
7
24
59
81
27
36
17
49
65
92
87
13
77
72
74
39
80
22
66
77
13
13
64
50
37
10
21
94
0
53
41
12
66
42
58
50
89
11
22
87
70
1
55
19
7
53
89
25
27
95
55
68
66
59
90
85
90
21
79
55
55
91
10
61
21
61
68
33
86
3
31
51
6
39
23
98
45
5
38
92
82
63
67
70
43
62
59
76
97
48
89
4
58
96
83
14
4
41
97
40
79
17
89
82
72
38
38
13
77
62
36
80
47
95
63
40
86
14
31
96
89
20
81
45
39
36
53
11
23
42
50
79
98
70
79
62
58
16
54
89
24
87
45
71
53
99
65
65
86
50
70
82
39
8
38
6
12
83
23
14
76
47
28
70
55
63
53
98
75
50
42
71
43
69
4
80
83
81
6
55
89
76
85
84
99
55
14
61
34
19
15
37
30
48
26
7
84
51
33
9
43
72
10
8
92
25
46
11
63
67
64
21
0
11
57
52
81
63
39
30
95
85
92
35
28
30
1
9
82
66
52
68
35
86
14
19
41
39
32
40
45
19
1
10
12
65
47
4
89
26
23
6
96
17
55
6
9
71
19
3
86
7
0
40
27
31
37
4
1
57
11
92
41
0
38
54
14
96
78
54
75
0
69
72
46
69
24
88
14
40
30
46
34
49
38
26
26
26
71
19
18
53
100
43
4
49
96
60
95
38
41
100
31
70
82
8
12
46
17
2
20
72
65
44
5
18
38
89
100
37
5
13
31
96
69
41
46
79
65
69
8
68
56
51
35
92
75
37
80
34
100
11
43
72
51
13
44
23
55
10
7
8
29
42
6
75
14
49
83
79
21
7
57
74
85
44
34
25
98
93
1
69
93
74
87
89
86
27
15
27
0
22
17
74
91
23
53
28
91
79
4
74
5
18
40
17
15
37
84
58
13
90
50
19
65
36
39
67
78
36
64
12
35
41
56
86
32
58
39
25
24
80
68
31
21
71
46
57
23
79
70
40
52
42
8
11
60
22
51
77
40
20
94
90
32
76
33
60
44
93
83
32
33
63
45
16
62
66
49
42
66
71
43
91
19
87
48
93
78
20
1
12
17
27
64
81
61
18
82
57
59
30
26
38
27
21
18
40
37
29
34
21
72
34
64
97
46
4
74
67
60
62
16
15
29
3
4
76
73
14
36
99
16
28
25
12
20
74
28
17
78
48
66
85
35
22
69
52
85
42
39
74
71
2
24
44
100
7
67
31
24
34
54
48
3
2
11
35
51
33
70
65
91
1
96
70
25
21
0
32
44
61
27
15
78
95
54
44
6
39
21
57
47
70
94
72
59
54
42
76
30
81
18
99
39
81
21
60
0
86
10
66
26
60
36
92
64
98
98
87
69
35
75
66
35
44
28
56
52
66
72
97
29
46
4
48
37
61
6
12
67
36
55
76
91
69
39
47
48
8
17
84
32
8
2
80
94
49
93
63
32
34
16
18
72
58
38
38
81
6
95
56
40
90
78
11
73
93
88
27
62
41
66
75
57
51
46
62
10
95
30
48
76
32
45
27
67
67
100
10
45
55
52
44
82
40
53
84
24
32
69
16
96
94
40
53
16
84
54
64
64
83
41
7
92
24
93
91
55
98
59
86
43
64
14
39
51
87
80
92
50
1
21
29
22
86
15
83
91
45
9
5
75
90
85
15
50
34
100
7
96
28
36
80
25
26
79
72
35
41
88
57
95
13
26
87
53
3
25
2
69
42
52
83
60
3
76
76
71
9
77
52
72
39
52
30
75
55
57
61
86
10
48
100
93
13
50
54
15
8
11
23
60
92
99
97
51
4
38
40
84
12
73
93
91
70
41
23
67
74
15
72
84
41
36
25
68
98
91
78
56
52
39
43
97
82
1
59
49
10
82
7
