32
42
70
97
74
70
23
46
72
81
17
51
13
24
40
55
88
70
79
0
65
77
24
29
63
9
26
73
84
64
4
7
67
98
42
59
49
76
53
5
67
82
11
76
38
14
31
42
97
22
48
15
48
35
3
17
32
21
3
46
61
37
85
18
100
79
18
81
20
8
27
90
82
17
20
38
88
46
17
52
46
18
44
97
18
41
74
37
9
68
70
81
51
12
50
74
82
27
54
25
82
92
74
86
27
74
82
1
41
96
85
94
14
50
12
8
53
70
11
60
34
86
100
100
87
4
5
59
72
25
40
26
91
96
30
30
56
54
80
16
58
5
61
100
43
27
39
51
40
12
35
35
8
6
28
79
63
17
27
36
62
48
92
36
31
35
1
39
8
52
77
99
18
63
76
21
49
22
10
40
42
2
63
14
23
38
43
67
77
72
75
43
27
64
97
100
19
77
45
39
46
58
48
76
83
100
62
13
63
70
30
100
24
47
70
68
69
98
36
85
29
84
73
49
87
52
23
63
24
36
3
36
35
1
8
12
11
96
68
74
51
40
40
36
96
96
33
2
17
76
2
80
54
76
29
43
1
39
1
21
9
32
70
43
92
67
49
36
67
67
43
44
47
39
21
66
62
100
68
59
83
60
94
10
38
13
16
53
60
60
35
60
60
83
94
37
4
30
88
50
33
31
2
30
33
67
3
80
64
25
44
100
68
40
76
13
43
71
68
70
67
6
40
47
96
35
81
9
54
41
93
62
35
1
78
1
16
72
43
12
39
44
94
48
33
29
35
52
38
94
64
31
17
82
60
18
76
73
65
62
80
2
8
74
29
34
39
66
98
20
20
23
89
41
4
47
41
34
3
46
29
84
52
37
56
44
66
72
1
78
0
24
75
85
59
6
58
46
59
89
100
96
74
13
0
0
49
47
12
2
71
99
48
3
47
61
5
91
72
59
75
61
7
44
41
66
19
52
86
89
79
81
76
38
57
76
45
96
49
39
29
44
54
78
28
86
69
43
60
86
13
6
94
64
64
15
93
33
66
25
9
85
33
31
33
86
90
3
100
81
74
71
99
54
8
50
48
44
77
30
75
12
37
65
56
57
99
32
3
31
94
76
9
37
20
72
72
98
22
50
12
86
7
0
93
41
17
19
55
29
86
53
24
64
71
50
61
76
75
98
18
82
3
80
9
12
98
76
95
98
57
56
37
77
75
15
30
15
78
55
47
71
59
48
39
44
62
91
95
21
42
57
90
28
69
68
9
93
65
89
94
80
60
45
81
1
16
30
20
27
70
6
58
15
71
4
31
28
89
63
100
67
9
94
35
53
47
57
82
52
76
89
13
62
35
66
47
12
20
81
96
24
8
7
46
99
100
19
44
32
33
5
17
24
72
98
23
56
10
53
46
42
91
46
1
18
75
12
99
94
2
45
74
13
76
95
48
35
45
68
79
20
41
84
74
75
59
79
96
92
42
15
65
87
99
71
0
92
21
92
78
76
70
56
73
75
47
12
9
6
70
41
41
36
52
15
100
76
38
64
11
61
9
87
91
23
48
25
13
85
51
4
15
33
70
2
71
60
26
30
99
3
39
73
46
81
91
71
55
33
61
69
14
99
80
3
19
53
93
87
12
53
31
98
59
29
8
77
56
56
90
76
90
37
6
59
8
13
0
98
14
66
79
48
84
31
27
64
41
74
93
12
82
26
24
74
73
41
65
10
91
68
74
75
51
61
15
25
16
39
61
27
44
57
62
94
21
64
53
38
27
10
5
34
93
82
44
79
46
5
93
25
64
27
47
87
19
77
66
0
52
12
66
66
67
98
70
93
33
47
10
33
76
72
73
44
15
81
80
11
11
40
13
47
39
54
3
60
55
53
78
88
55
73
60
70
22
67
95
28
69
42
8
93
99
51
38
7
78
23
11
8
80
92
37
51
32
95
72
83
16
17
21
23
12
74
86
35
95
23
56
51
51
62
64
43
66
3
69
88
61
94
70
59
77
80
50
19
52
86
15
68
40
17
26
51
5
96
32
75
6
63
84
62
30
17
75
42
52
26
32
84
48
36
34
96
71
88
4
28
64
99
34
91
61
61
54
2
56
5
43
13
52
71
23
27
72
65
49
78
92
64
47
7
70
1
77
26
71
78
56
35
23
43
91
1
93
75
73
25
44
14
27
33
37
90
16
18
55
81
90
36
4
35
59
98
49
2
3
84
34
17
93
43
94
74
24
61
48
53
20
65
33
75
81
25
4
81
87
79
26
63
22
40
85
8
35
30
29
84
40
34
20
50
90
46
74
69
100
9
75
5
3
34
7
68
48
15
54
53
18
42
26
50
92
66
62
42
54
5
56
73
79
67
57
10
90
41
88
73
37
76
8
87
87
100
59
77
100
7
13
28
78
52
45
32
100
22
17
36
96
52
74
87
70
28
49
86
99
12
77
92
77
18
79
26
83
57
48
40
53
56
88
89
37
59
17
48
88
39
32
52
83
7
89
40
15
80
34
79
83
15
92
81
90
8
58
71
17
20
12
46
89
85
5
30
11
86
25
26
24
5
71
39
40
42
45
3
5
31
13
0
29
23
4
7
12
97
79
11
30
34
47
25
3
75
16
13
20
69
32
17
60
89
2
75
58
42
46
73
29
70
57
51
55
50
77
4
66
79
55
12
97
95
7
45
20
68
72
39
100
13
50
16
59
2
86
3
60
13
49
37
82
94
90
30
76
90
38
51
12
57
25
33
26
99
45
99
3
69
73
96
21
38
21
7
81
3
74
27
45
6
93
7
47
47
97
96
67
12
60
6
78
47
51
10
53
34
44
8
0
34
81
73
68
71
29
21
19
75
1
96
21
20
68
76
82
40
3
54
74
82
64
22
4
54
77
70
15
93
56
37
3
51
35
72
41
20
7
77
43
90
43
93
7
63
44
77
26
30
79
36
49
1
23
80
35
46
11
15
85
62
54
38
52
52
98
21
85
64
18
72
88
40
88
30
57
38
15
92
90
76
91
96
41
55
89
6
13
61
44
18
53
71
67
45
57
12
45
36
38
97
99
61
68
36
41
84
59
39
87
4
97
29
100
46
28
42
35
71
3
45
14
57
69
64
32
40
63
91
8
81
52
11
4
46
78
88
61
96
53
93
81
34
71
93
6
80
22
0
74
97
32
61
10
25
62
2
65
95
15
74
86
2
90
32
78
70
47
98
79
20
95
74
43
71
7
15
8
54
11
60
51
63
97
83
66
14
78
92
90
50
48
57
63
0
40
25
77
79
96
78
41
89
66
55
63
88
33
86
61
2
72
62
38
43
15
45
36
61
62
81
33
33
100
81
57
43
59
90
12
22
47
76
81
84
33
46
72
61
32
95
64
17
15
28
6
78
78
24
24
89
13
20
9
44
36
38
64
16
29
29
79
97
67
5
30
28
24
64
99
81
87
60
16
85
16
52
20
87
23
92
10
59
88
34
30
9
97
24
33
42
66
15
50
23
35
14
23
22
48
93
11
43
52
69
97
34
62
71
95
22
49
48
15
93
68
62
83
34
35
46
93
85
15
51
7
47
55
34
27
9
8
1
27
6
31
79
98
23
42
69
86
95
29
49
9
7
64
47
70
88
90
47
12
3
78
8
90
7
3
73
55
4
24
27
51
57
48
18
3
80
46
63
62
83
48
45
78
4
66
22
3
3
75
83
50
52
3
91
79
88
94
38
25
84
84
64
80
42
27
77
92
15
85
21
30
58
52
42
48
29
25
73
41
19
9
23
88
25
84
93
42
77
27
30
2
53
77
11
18
49
21
29
13
22
60
30
52
98
95
77
66
52
56
7
78
41
2
86
82
98
11
52
59
0
91
63
47
14
57
82
48
42
38
11
96
81
75
44
77
87
51
22
31
57
96
36
59
86
68
45
13
77
61
93
23
21
67
32
71
55
50
9
89
4
17
76
42
43
66
21
66
77
8
55
85
96
98
49
1
36
23
83
28
54
100
5
18
39
9
67
34
88
18
66
23
96
84
21
51
19
44
46
23
10
70
22
7
4
19
8
60
80
12
43
64
93
53
30
4
30
86
73
48
44
76
30
64
33
89
87
91
13
89
29
57
20
27
30
34
83
70
27
62
53
8
82
29
47
21
15
99
23
17
55
8
92
90
43
80
87
26
69
46
72
38
88
13
91
41
99
41
73
58
2
21
75
77
51
28
35
72
50
100
53
63
99
60
87
6
40
62
15
20
30
100
28
18
84
80
73
36
23
39
12
98
28
69
52
45
75
80
48
16
61
52
38
84
70
46
50
39
17
21
1
25
83
21
46
71
78
81
7
39
59
88
18
27
49
87
55
89
28
58
3
46
33
58
67
29
75
98
70
61
52
33
71
47
42
79
96
52
39
81
76
5
18
84
59
38
52
73
74
38
35
100
100
61
34
60
48
80
13
43
27
68
14
35
74
21
16
9
67
13
5
100
69
17
12
95
81
25
93
53
63
48
20
20
86
86
7
19
13
85
43
72
70
32
96
