86
93
47
6
51
43
33
36
46
78
15
39
71
25
3
86
48
81
4
68
90
100
94
99
85
68
27
69
30
22
95
57
52
9
18
66
15
21
33
69
57
56
45
42
60
21
28
40
29
74
73
2
80
4
96
16
72
48
36
15
53
52
19
5
58
20
81
34
67
80
29
15
94
59
46
94
96
95
1
95
4
4
29
68
75
44
42
87
34
61
85
47
15
64
4
98
74
74
34
95
62
68
61
94
45
31
64
88
32
98
72
10
47
9
28
53
65
5
67
89
51
33
95
1
13
15
40
45
38
55
89
28
25
93
60
98
79
7
16
51
89
74
8
68
17
78
98
73
89
59
25
30
98
11
81
72
65
19
69
57
68
39
77
41
78
69
50
37
85
79
100
24
2
81
7
79
65
10
13
55
17
24
43
27
84
65
9
26
44
82
51
57
54
81
78
9
88
33
79
37
96
61
1
21
75
45
88
53
70
97
58
36
14
20
39
79
70
90
49
81
41
40
24
18
49
55
55
50
35
3
77
59
19
43
91
1
100
10
93
4
60
57
60
6
75
3
11
78
68
57
13
78
55
80
0
39
50
1
46
96
97
80
66
43
93
77
13
45
4
45
36
21
20
64
75
23
25
95
95
30
34
86
69
86
0
50
3
7
53
21
98
67
53
2
63
61
0
48
72
64
39
21
66
4
3
3
72
63
10
100
28
74
37
83
10
52
81
63
20
10
57
96
69
6
61
50
26
31
73
59
62
77
7
67
5
54
41
17
74
16
47
8
19
70
66
11
42
31
27
31
93
99
91
96
35
76
26
36
33
24
61
85
87
22
96
1
84
58
59
81
63
48
99
33
29
53
31
64
6
3
81
57
18
61
3
79
26
78
27
87
95
65
57
76
27
90
32
100
58
1
7
1
47
43
15
42
94
99
43
98
57
24
32
19
66
94
94
50
40
54
99
83
37
3
41
69
16
61
69
90
70
98
55
21
10
12
70
81
94
98
51
14
49
49
49
1
77
16
8
77
85
91
2
1
35
79
95
16
66
54
23
24
99
26
80
40
39
42
54
23
44
90
80
88
81
74
26
8
80
1
12
100
36
32
68
91
89
78
48
28
62
78
23
94
53
59
57
50
55
39
21
77
52
42
25
3
61
95
15
50
8
99
85
0
48
57
84
62
70
10
15
49
29
64
43
13
79
82
0
34
3
74
25
18
93
48
44
16
88
22
56
19
5
4
93
41
36
63
100
60
31
53
38
76
71
80
24
10
67
59
37
87
7
64
19
13
97
90
14
1
23
20
24
49
78
18
99
79
49
72
69
87
68
68
74
1
52
16
51
98
58
71
52
6
52
8
92
75
83
83
94
17
11
57
86
13
4
81
12
74
30
53
94
23
90
44
77
75
94
38
22
20
2
63
25
45
53
96
17
86
53
21
85
31
47
25
76
19
9
22
17
94
82
38
15
67
51
50
53
6
25
26
8
92
3
59
13
42
63
2
28
10
54
43
47
44
17
100
1
47
41
82
76
29
42
37
56
94
60
77
81
67
60
21
2
5
55
22
26
40
25
70
79
56
41
38
69
100
14
36
56
86
32
75
72
62
65
92
65
4
30
74
4
30
68
74
89
65
65
18
19
28
45
8
59
36
16
10
66
30
52
80
39
62
6
36
81
64
5
24
9
84
13
100
27
45
45
24
29
96
57
85
43
58
75
11
97
63
10
45
62
10
60
61
72
26
26
89
51
25
74
12
90
83
69
32
39
94
68
76
33
60
19
8
4
24
20
40
80
79
7
33
0
78
100
62
95
81
1
50
80
98
68
43
45
21
25
5
59
36
67
61
22
11
46
48
73
56
47
52
75
94
49
60
16
16
44
7
35
20
96
23
23
37
93
38
1
42
73
97
53
70
6
0
97
23
74
18
34
46
73
20
62
89
35
5
9
99
32
36
88
29
87
47
39
11
35
81
69
88
70
8
87
31
6
30
70
89
67
13
21
62
40
43
44
38
83
69
50
55
46
91
84
78
26
95
7
28
88
98
43
98
10
67
92
67
19
51
54
6
15
72
46
41
9
100
79
27
9
35
89
4
89
81
51
93
42
93
3
49
22
2
41
58
0
25
5
22
1
82
46
3
62
40
20
99
6
51
0
62
97
90
54
20
73
69
26
70
71
55
44
40
27
75
57
16
64
22
29
45
44
78
6
1
30
52
39
72
63
71
69
93
89
12
48
97
32
70
67
1
31
76
15
25
34
62
49
43
22
24
21
28
9
26
91
17
5
58
24
25
11
39
20
68
74
14
15
6
39
45
18
35
80
99
71
70
97
64
68
72
30
28
51
34
16
22
79
68
73
47
7
82
66
24
22
21
21
91
89
88
90
18
1
75
72
11
18
15
53
48
13
85
74
95
79
18
59
64
63
69
96
49
71
0
97
22
49
8
3
27
22
80
57
65
75
41
20
25
6
35
100
7
34
97
100
40
8
59
96
42
12
9
27
50
41
20
4
0
12
57
87
40
54
48
54
85
32
36
98
48
55
90
97
35
23
75
14
47
12
59
92
47
31
25
33
93
88
95
5
71
51
97
52
60
9
58
52
5
5
78
98
80
45
12
47
76
29
11
43
40
55
21
58
34
95
4
14
2
30
74
58
63
41
13
9
26
37
15
53
58
90
65
6
90
50
41
71
53
55
33
11
45
61
35
38
99
7
23
72
27
80
59
90
24
88
80
16
81
71
86
48
87
31
76
63
20
85
74
80
74
95
88
49
21
9
25
93
48
91
6
8
40
72
61
0
9
63
96
33
14
48
17
67
14
38
11
64
72
41
89
46
61
89
90
34
28
20
30
60
66
47
49
22
76
33
14
3
99
46
1
52
87
34
42
54
32
0
73
5
66
98
76
43
24
21
14
8
38
56
5
13
59
36
68
11
83
79
18
48
62
96
93
30
54
41
62
33
14
9
99
80
86
53
87
41
52
14
42
24
39
36
24
78
53
95
3
72
61
80
51
13
55
99
58
35
99
62
9
95
15
28
32
22
56
94
17
78
24
24
22
9
10
86
77
12
41
11
79
6
19
10
75
62
13
68
59
31
7
88
42
68
8
48
26
33
27
30
74
13
79
41
39
60
36
99
65
78
76
94
45
44
14
29
24
20
49
71
6
40
64
21
84
65
85
16
2
13
19
57
34
76
4
97
57
90
100
87
3
35
36
2
74
43
93
19
45
86
95
56
72
38
6
65
33
61
20
4
99
40
73
85
40
38
77
61
75
87
50
32
72
19
80
5
25
99
73
60
22
73
14
20
42
44
32
84
6
78
12
85
2
18
84
56
63
62
37
0
91
12
95
62
53
9
100
56
2
100
39
36
22
31
33
2
70
24
21
87
18
63
81
23
11
36
3
84
42
37
58
16
37
80
55
2
29
29
57
92
97
89
7
39
8
50
49
69
19
1
16
40
93
83
42
99
81
22
29
29
100
54
86
100
10
22
42
46
17
72
46
78
87
46
62
37
76
74
7
11
55
57
49
98
66
97
38
89
82
92
61
6
75
35
52
18
8
90
57
93
28
7
63
78
96
33
99
68
91
75
68
25
83
98
23
67
24
91
52
98
52
72
89
1
73
96
9
14
50
1
12
55
81
21
10
6
92
85
68
21
6
78
26
56
44
14
97
24
95
70
91
26
13
39
10
16
77
93
45
69
76
5
31
91
66
30
98
6
9
98
56
99
16
69
72
50
28
60
19
55
4
0
43
99
6
6
3
49
56
1
13
74
44
32
60
63
74
33
10
75
50
83
59
46
38
10
12
82
14
73
15
26
65
19
64
75
28
22
97
75
79
59
26
83
42
78
2
31
57
12
26
13
12
79
39
7
59
65
99
81
68
62
99
56
95
18
96
18
79
31
73
81
70
0
98
91
76
52
18
73
17
3
26
98
44
68
36
52
32
44
70
20
84
19
90
77
95
16
2
62
8
70
72
98
25
76
55
48
45
70
75
57
7
97
58
13
11
52
99
70
19
52
38
38
23
95
67
20
82
26
9
70
35
33
97
23
49
6
4
53
45
94
37
28
32
0
28
20
81
56
29
99
19
37
12
99
63
25
37
18
26
28
79
41
4
97
96
8
60
13
14
42
67
56
88
79
16
3
29
79
85
74
20
20
69
75
15
4
17
83
0
71
21
38
75
18
61
84
64
86
35
70
89
74
46
50
100
62
55
42
51
85
31
98
52
33
6
37
7
76
89
9
55
20
10
65
56
87
51
11
42
11
82
63
61
75
6
91
81
21
73
60
78
52
69
69
86
42
46
38
26
55
32
70
58
23
82
25
84
87
96
98
27
35
7
43
96
85
62
86
54
16
11
2
98
72
26
29
23
18
36
30
3
24
41
32
57
94
17
35
70
81
46
4
42
19
13
18
43
92
57
41
70
55
22
26
82
6
64
100
92
14
84
6
3
40
8
61
5
48
16
52
91
58
87
59
84
75
70
19
8
58
54
55
6
90
21
52
34
31
23
80
92
