95
98
83
98
31
35
23
47
12
74
62
39
47
1
23
85
81
46
80
85
3
23
93
65
38
14
19
24
41
16
95
23
45
38
60
43
94
33
43
17
56
56
32
86
4
31
52
95
6
32
15
4
89
10
22
99
22
52
78
36
76
8
47
99
39
20
7
32
57
58
11
45
61
16
24
78
99
18
64
5
31
98
90
40
20
25
66
26
7
69
7
6
56
22
78
76
73
64
25
29
14
25
7
38
61
22
94
70
43
24
81
42
95
56
49
69
19
57
90
26
39
11
0
46
0
58
59
38
85
22
90
98
91
74
16
78
29
44
6
85
65
85
49
64
64
77
91
80
86
19
39
21
91
8
8
77
95
47
19
13
97
31
62
20
0
99
33
74
58
94
68
97
73
40
10
18
0
63
69
50
53
36
10
21
91
53
87
90
9
73
49
28
11
74
3
99
5
90
8
97
8
29
68
19
76
6
86
72
82
41
22
45
10
16
4
25
79
89
18
77
38
77
71
38
50
85
75
13
51
88
29
56
10
82
7
36
54
30
10
90
84
24
21
60
56
33
80
85
45
42
20
68
85
66
71
81
18
0
54
62
5
42
69
62
18
59
43
23
95
82
31
79
41
98
18
62
45
22
73
99
75
50
4
94
21
51
90
59
90
60
35
73
89
43
68
8
51
45
82
21
88
3
84
29
29
86
28
49
92
54
9
10
52
47
16
15
48
85
52
37
98
74
57
84
97
89
18
16
44
76
91
87
54
74
12
21
0
92
26
94
51
63
45
26
84
14
33
17
27
27
70
96
20
56
18
39
69
53
43
18
40
25
28
86
22
84
7
86
43
37
47
43
60
7
29
15
62
69
53
68
100
67
52
40
28
29
34
30
96
24
1
47
29
7
12
55
21
43
47
23
37
70
77
50
32
75
47
49
18
66
20
6
58
70
94
50
51
75
71
8
34
63
89
35
18
48
27
82
50
61
11
31
5
79
6
45
31
78
67
54
57
40
49
88
10
35
40
85
83
10
15
17
93
88
31
56
50
9
16
30
25
60
19
75
72
39
3
6
61
41
40
32
50
14
14
71
74
64
5
96
85
36
71
56
90
95
51
43
33
92
47
35
29
9
73
38
26
50
54
84
65
78
84
17
44
41
65
28
46
91
29
15
46
38
8
0
85
26
46
48
81
35
4
63
80
60
84
30
77
9
75
23
0
90
97
56
17
65
19
56
11
43
15
96
33
68
16
98
32
63
75
45
67
49
29
28
100
47
81
25
42
69
21
75
67
19
15
92
0
27
11
60
49
21
21
73
14
36
64
45
60
11
28
80
6
88
47
44
34
62
87
38
58
95
67
50
72
62
94
52
45
30
9
99
72
97
61
72
68
89
39
19
56
52
77
12
44
83
30
26
93
15
46
31
85
65
97
32
63
44
31
55
80
23
54
51
5
86
33
61
87
6
15
90
2
43
27
44
66
21
36
55
95
28
40
65
42
23
92
0
13
3
23
72
52
54
60
24
15
80
30
75
0
37
50
84
3
13
41
77
93
39
28
30
23
76
87
64
39
60
9
99
63
26
71
64
41
41
88
5
85
86
22
2
26
70
31
60
85
70
72
27
9
5
19
80
39
40
17
61
59
100
55
83
59
5
95
49
71
17
40
85
44
81
70
57
14
59
49
90
90
29
19
56
71
43
80
69
32
79
51
47
20
71
79
19
27
22
92
66
95
80
72
35
86
60
9
73
13
51
75
99
80
57
43
78
9
50
45
76
30
82
1
54
32
88
53
92
98
47
11
2
3
69
4
26
18
42
68
35
98
45
65
37
11
77
35
8
64
49
34
82
91
50
100
97
63
98
90
23
50
30
87
2
94
0
31
96
49
67
12
50
41
85
58
45
38
47
37
87
71
93
59
72
86
5
53
78
99
43
61
73
27
6
6
55
18
14
7
12
89
16
38
67
2
26
51
59
87
85
38
57
19
99
70
47
56
93
2
45
57
87
61
60
63
4
34
68
59
100
16
2
1
74
62
73
2
54
87
43
64
54
61
52
65
69
50
51
67
22
29
40
17
27
23
16
63
86
34
13
42
54
90
41
30
42
27
34
66
100
51
89
33
0
84
20
92
76
11
99
88
70
8
11
90
58
38
18
67
59
82
90
29
18
30
2
31
83
50
29
70
59
54
16
26
62
30
54
64
85
70
79
68
19
24
11
51
63
43
18
68
5
56
88
31
9
59
60
23
81
71
61
84
5
1
63
95
24
84
87
42
47
20
20
85
43
39
46
19
28
90
98
65
8
54
70
53
90
17
63
8
75
39
100
80
20
15
71
70
4
17
3
89
40
18
80
4
81
21
77
76
21
43
77
99
99
92
58
37
25
25
21
72
45
5
73
19
23
88
81
42
52
93
42
55
65
82
74
87
17
100
2
15
27
20
52
33
60
43
8
31
77
57
0
77
97
92
83
90
5
57
76
59
92
30
94
68
3
94
43
58
81
6
68
8
7
14
76
28
73
22
86
96
45
88
29
76
7
56
28
20
73
37
71
64
67
68
5
15
64
78
43
93
82
57
96
91
3
53
9
7
68
9
29
9
38
77
29
59
46
87
81
92
61
51
15
62
18
3
31
100
81
93
2
88
61
71
74
45
7
54
20
60
27
47
100
40
35
56
79
56
2
76
77
41
70
23
87
88
86
89
1
81
56
60
81
58
14
93
19
95
27
44
57
80
90
45
35
64
90
42
30
91
97
24
11
85
76
95
40
25
34
53
90
47
9
80
74
19
58
5
8
86
68
80
11
41
17
33
37
21
5
61
2
52
70
29
76
9
4
69
76
8
42
39
46
20
90
18
49
54
33
36
78
28
50
41
75
9
27
14
39
47
64
17
27
0
73
16
69
22
22
14
17
99
50
51
64
76
12
69
42
40
12
14
28
8
56
90
83
13
1
30
45
28
2
72
80
49
60
32
52
36
19
51
46
15
15
93
0
66
37
0
22
20
21
50
31
32
97
42
25
52
22
45
78
51
3
68
45
72
17
86
97
29
94
97
54
0
91
41
31
67
3
70
25
10
10
56
18
3
100
39
71
53
10
82
15
51
2
95
45
19
72
76
99
54
94
10
64
47
16
50
89
83
5
93
82
24
3
72
24
69
99
62
65
83
11
74
21
21
94
35
48
20
37
39
55
65
56
36
78
49
18
56
44
93
96
42
62
71
59
37
47
82
22
96
72
97
19
45
32
21
53
86
78
99
89
38
48
5
46
12
13
94
84
99
53
95
98
41
15
7
47
42
45
87
36
72
66
86
4
43
57
73
21
20
37
76
47
63
71
41
15
32
11
23
5
87
78
33
54
71
2
72
10
81
12
8
39
85
35
60
77
72
36
88
31
22
62
32
94
92
14
19
32
99
47
49
33
25
72
32
8
56
11
40
57
0
96
51
73
20
10
55
18
14
43
48
67
63
26
25
64
95
61
2
91
33
53
57
15
82
65
75
14
64
28
58
81
33
91
95
6
57
69
94
80
2
89
56
44
55
74
100
100
25
39
89
30
63
57
95
18
86
67
47
99
47
35
74
55
89
91
9
20
53
94
68
16
50
65
50
22
35
35
84
91
55
30
98
4
97
49
22
19
55
47
69
51
23
29
72
75
15
11
72
26
96
88
66
15
44
53
59
43
70
28
26
91
47
46
48
14
14
100
27
91
20
65
92
22
25
73
59
51
56
34
65
84
73
80
92
88
43
76
34
3
2
13
71
43
56
51
42
98
17
28
85
62
51
10
22
13
68
89
54
36
87
99
82
53
97
13
26
10
1
41
95
59
58
41
26
76
14
23
100
9
27
68
36
27
36
42
43
33
23
17
74
95
87
3
50
93
89
30
53
23
56
56
22
74
75
53
72
48
0
88
84
78
28
19
84
33
96
52
68
78
49
25
100
50
89
54
78
44
87
11
44
79
39
8
56
89
96
99
22
26
28
47
40
6
78
25
82
9
9
0
81
16
49
98
13
78
95
58
15
99
86
38
77
55
46
69
4
60
55
90
12
79
73
90
100
50
82
30
19
10
48
31
13
74
36
3
88
88
17
86
1
45
9
32
49
93
84
91
80
10
56
7
72
6
97
62
89
60
29
68
28
24
36
25
90
8
70
39
10
80
51
25
5
60
97
59
76
80
22
63
73
34
29
83
73
43
53
86
86
93
56
40
39
42
94
57
49
67
61
34
61
96
21
77
31
98
65
89
60
81
53
13
56
66
28
70
0
45
30
5
57
59
93
45
74
4
12
14
58
93
6
95
48
98
81
14
83
17
67
65
41
9
87
49
55
15
39
18
82
60
10
4
89
81
5
78
62
54
58
57
42
58
33
8
38
38
73
43
27
95
98
71
22
7
75
54
92
93
89
67
32
92
68
25
39
51
31
47
86
40
44
42
79
16
75
65
34
63
99
94
48
31
40
14
67
85
95
89
52
99
91
27
70
38
40
42
30
10
92
0
31
20
27
100
45
28
7
73
14
98
87
12
