38
22
8
63
39
33
54
61
54
89
20
60
86
79
8
86
11
45
27
100
33
35
11
28
11
22
11
28
63
62
66
7
59
47
95
47
46
9
76
19
63
10
74
52
54
72
31
2
22
19
27
84
91
19
50
65
27
0
88
93
30
90
73
40
98
96
72
5
93
66
52
38
47
27
88
52
1
63
38
87
69
93
76
59
0
83
27
32
26
33
77
28
27
31
78
54
16
43
65
11
43
88
57
39
34
54
10
17
29
24
59
83
8
99
97
99
23
67
79
6
37
48
53
52
14
82
20
7
6
31
45
68
21
81
85
7
61
77
89
25
82
59
100
57
39
78
5
94
16
91
74
17
82
20
96
97
63
32
66
27
98
12
5
89
47
5
18
44
97
74
59
79
92
95
34
15
92
96
93
63
68
12
63
50
54
50
48
94
39
47
49
4
86
100
23
40
24
66
62
30
83
24
33
97
86
7
69
22
16
51
70
49
33
40
86
33
65
44
91
47
46
1
55
52
69
69
67
18
40
47
35
11
75
82
4
52
64
25
4
23
58
85
14
69
39
52
67
82
48
49
79
21
68
29
39
96
46
32
14
68
70
74
37
54
81
78
91
75
21
26
7
49
81
71
50
89
29
56
69
100
57
11
2
2
88
10
40
100
39
86
81
22
24
15
82
52
59
19
52
74
87
2
49
63
42
10
42
20
10
5
69
30
83
75
14
3
61
87
42
14
77
56
4
12
91
14
17
11
95
4
45
74
84
28
93
56
16
71
49
73
16
78
89
57
12
36
89
41
49
6
62
12
98
78
13
53
1
70
13
97
94
33
45
61
17
87
38
48
86
17
15
84
16
53
36
92
38
38
91
73
1
74
55
13
40
69
98
74
43
79
7
81
28
70
14
22
28
45
55
13
28
68
9
42
81
95
23
18
2
64
94
26
30
16
57
68
22
10
97
46
55
10
14
57
7
13
92
58
20
26
79
27
81
73
72
17
41
82
20
59
57
41
75
72
45
72
51
23
58
98
25
86
59
93
90
4
100
56
2
66
3
75
16
69
55
46
93
22
27
36
14
46
8
20
44
36
37
73
34
0
29
69
61
66
44
56
48
33
45
0
18
50
86
6
68
2
86
21
35
67
1
35
96
67
1
17
13
59
96
67
24
61
32
13
9
27
60
23
57
64
25
92
35
35
21
80
59
70
76
10
37
32
95
88
42
5
66
81
33
95
74
88
30
38
54
12
6
36
27
89
82
88
11
14
6
98
58
53
38
60
34
18
29
54
38
90
30
30
65
64
99
79
77
44
48
47
98
94
14
78
48
31
55
57
48
100
79
7
56
87
21
93
87
23
93
50
45
97
15
40
85
17
4
18
86
18
72
84
55
2
35
80
7
69
59
36
44
50
57
15
85
28
29
4
29
68
11
43
90
41
19
78
0
28
21
82
19
30
46
82
99
40
47
81
30
75
91
55
88
17
56
43
36
79
59
33
23
46
53
23
6
4
31
52
77
42
92
31
48
52
3
72
89
60
3
89
19
11
54
34
64
16
49
88
78
65
64
4
97
12
31
73
99
36
26
91
56
6
79
77
8
78
90
56
55
76
65
38
15
54
87
24
13
37
98
12
12
79
23
6
71
48
7
43
68
67
44
50
5
12
90
70
96
72
87
92
41
58
97
2
45
72
0
46
40
17
0
64
52
43
68
92
96
38
74
74
100
78
28
14
22
72
41
82
50
97
20
7
93
31
45
95
71
79
29
50
15
70
80
92
66
62
13
69
36
16
73
61
16
30
70
0
78
15
6
92
63
74
25
13
20
58
24
68
100
44
48
75
56
53
47
64
12
92
75
72
22
65
53
56
71
4
14
29
8
77
5
38
44
67
58
40
90
92
78
73
21
13
52
97
37
52
55
69
66
60
45
38
85
9
11
76
75
65
56
21
85
100
86
40
2
44
21
68
0
26
94
93
38
23
79
37
78
32
80
86
46
20
71
7
68
22
13
7
76
43
27
84
65
87
44
38
12
50
30
92
40
28
61
66
19
26
49
39
9
96
96
52
81
57
18
4
61
90
9
75
80
19
72
22
87
80
66
13
35
50
72
40
41
67
55
39
42
43
34
63
7
26
30
28
23
19
13
26
51
85
11
30
12
54
81
83
54
92
9
9
99
0
19
93
31
80
26
20
58
54
32
49
13
53
90
40
8
15
95
60
62
84
12
49
86
55
92
100
91
53
54
30
88
61
67
39
36
13
1
97
53
21
63
32
0
25
88
32
56
2
26
31
60
79
64
87
7
39
90
61
34
46
43
67
19
19
73
66
32
62
42
56
76
30
66
15
22
81
8
10
77
15
50
72
74
1
40
19
78
16
3
29
85
80
48
30
11
54
54
29
4
97
93
12
1
84
8
87
27
95
28
44
75
42
87
18
91
89
52
52
79
33
89
32
92
54
39
38
68
92
12
49
72
26
70
84
32
55
12
89
83
57
76
50
17
28
55
37
65
27
80
10
50
13
68
67
38
42
39
23
67
62
64
12
3
27
65
32
79
89
78
99
27
91
65
10
63
15
84
46
86
23
61
70
46
10
57
24
8
3
1
47
86
95
44
68
70
29
98
29
12
96
13
69
78
60
81
8
100
4
79
28
91
40
1
8
34
32
20
19
19
3
31
62
13
59
6
63
72
86
51
10
34
43
11
92
66
1
75
34
7
49
10
35
46
35
48
40
99
87
6
52
72
34
62
29
31
81
99
51
43
32
88
83
48
3
3
14
64
34
75
42
57
86
73
90
31
73
4
41
11
74
25
10
70
31
52
60
94
88
5
59
29
73
57
50
75
2
21
48
13
43
41
82
79
59
94
44
19
67
88
10
29
0
40
68
97
69
88
81
66
61
72
22
12
52
92
61
85
83
40
72
43
40
68
83
94
26
16
68
63
37
50
91
55
66
85
61
26
66
21
17
68
58
50
8
72
12
48
69
71
83
76
45
96
90
46
43
4
66
75
42
71
27
62
2
93
16
82
80
43
58
8
54
44
33
80
100
13
89
99
63
23
21
62
52
77
81
68
57
54
4
36
42
44
69
98
95
22
58
65
70
3
21
30
20
85
39
43
5
94
62
98
21
13
2
40
89
94
68
46
85
16
4
88
96
80
59
88
44
91
18
88
91
80
86
12
39
16
79
26
50
3
92
38
62
5
40
22
48
81
75
17
50
77
56
66
86
94
97
86
55
25
88
73
8
25
76
64
46
90
42
25
72
24
90
92
29
66
94
76
31
85
48
46
92
79
15
36
18
73
6
83
45
51
79
69
4
23
14
47
40
4
66
18
71
100
93
2
99
11
41
36
12
34
9
69
13
97
62
48
40
11
70
80
82
2
74
69
70
37
76
28
9
42
66
24
36
46
61
48
35
70
11
61
72
2
71
11
9
80
2
58
45
31
18
97
23
86
19
14
22
59
99
55
46
22
30
8
88
61
64
98
87
71
93
3
21
65
21
26
94
73
72
77
86
16
89
64
82
26
87
32
21
59
85
62
41
39
40
7
95
45
8
30
12
42
46
30
64
46
41
48
30
77
80
11
9
38
97
28
43
34
33
75
78
38
58
86
97
98
72
42
13
76
47
89
6
74
59
74
55
41
59
84
73
39
26
91
95
38
48
2
36
87
48
6
80
51
78
47
29
13
4
10
69
76
69
67
96
49
83
59
95
22
65
82
21
93
34
44
17
95
28
32
84
25
54
49
64
49
90
69
3
100
76
65
36
69
94
14
97
98
69
12
77
70
91
23
33
77
9
43
21
29
31
11
64
0
64
75
48
26
88
82
13
49
73
2
14
84
63
28
34
79
35
87
38
80
43
30
7
62
77
5
14
44
83
59
67
5
57
8
24
15
28
82
87
62
88
17
22
87
95
85
39
87
39
100
26
92
58
89
89
64
69
1
8
15
49
8
39
48
75
38
75
65
87
92
10
83
50
91
89
15
27
7
42
94
6
69
47
94
24
46
97
81
2
62
38
34
50
29
89
29
78
72
37
27
92
32
50
9
32
81
34
5
20
0
97
10
51
45
47
89
7
14
5
33
78
43
83
77
74
87
95
10
1
66
12
62
75
46
100
69
89
72
45
85
80
66
22
11
12
52
76
37
38
37
74
70
5
59
58
37
60
93
78
48
90
31
4
58
74
53
74
80
57
76
29
64
81
35
35
47
48
4
21
87
44
51
99
12
84
54
77
86
15
20
15
78
4
92
3
7
70
61
3
42
4
37
0
76
11
18
10
95
36
23
98
4
90
59
99
52
77
21
88
30
51
94
27
19
48
37
20
27
52
25
36
80
17
4
40
65
9
36
27
71
83
61
9
99
76
35
82
95
9
56
22
91
68
86
74
14
27
91
18
94
9
7
53
96
78
45
53
98
24
96
12
96
66
82
51
69
21
38
46
65
78
69
48
32
55
10
40
24
52
41
12
32
100
10
35
74
96
99
91
85
90
27
81
59
17
88
93
72
90
84
53
90
84
28
64
